%YAML:1.0
---
hist_1: !!opencv-matrix
   rows: 256
   cols: 1
   dt: f
   data: [ 0., 0., 0., 0., 10., 25., 42., 78., 63., 87., 169., 170.,
       272., 336., 391., 424., 383., 371., 377., 433., 583., 701., 1052.,
       1567., 1917., 2089., 2118., 1971., 1621., 1226., 943., 753., 679.,
       580., 531., 527., 515., 510., 532., 525., 546., 590., 586., 585.,
       605., 629., 576., 614., 581., 606., 657., 602., 628., 694., 645.,
       696., 670., 666., 665., 699., 709., 681., 687., 744., 737., 698.,
       696., 656., 698., 733., 740., 686., 740., 659., 700., 719., 721.,
       757., 699., 688., 723., 712., 733., 696., 743., 740., 738., 705.,
       738., 786., 735., 767., 806., 749., 781., 757., 742., 774., 729.,
       780., 780., 714., 799., 755., 813., 803., 804., 829., 835., 818.,
       883., 886., 910., 971., 932., 920., 1048., 992., 1047., 1034.,
       1165., 1171., 1243., 1340., 1354., 1442., 1580., 1830., 2056.,
       2256., 2514., 3334., 3881., 4885., 5912., 7561., 9541., 11734.,
       13460., 14320., 14390., 14722., 15436., 16837., 18983., 21376.,
       24953., 28482., 32323., 34117., 34380., 32127., 28389., 23616.,
       19092., 15082., 12021., 9644., 8544., 8291., 7584., 7246., 6311.,
       5927., 5674., 6045., 6661., 7059., 8037., 9052., 9904., 11676.,
       14123., 16272., 17047., 17075., 16565., 15692., 14072., 13061.,
       11348., 10452., 10037., 9527., 9396., 9403., 9372., 9979., 10959.,
       11921., 12468., 13526., 15237., 15528., 14539., 13568., 12916.,
       11957., 11573., 11024., 10540., 10670., 10591., 8956., 6540.,
       4437., 2899., 2266., 1751., 1024., 435., 243., 154., 113., 93.,
       73., 54., 32., 31., 14., 14., 9., 7., 6., 2., 2., 2., 0., 0., 0.,
       0., 0., 0., 0., 0., 0., 0., 0., 0., 0., 0., 0., 0., 0., 0., 0.,
       0., 0., 0., 0., 0., 0., 0., 0., 0., 0. ]
hist_2: !!opencv-matrix
   rows: 256
   cols: 1
   dt: f
   data: [ 0., 0., 0., 10., 143., 342., 503., 784., 609., 734., 1013.,
       1062., 1332., 1591., 1646., 1949., 1933., 1865., 1794., 1646.,
       1553., 1487., 1386., 1384., 1394., 1387., 1379., 1269., 1365.,
       1276., 1344., 1340., 1342., 1265., 1301., 1315., 1294., 1278.,
       1323., 1289., 1314., 1292., 1285., 1377., 1359., 1291., 1278.,
       1338., 1338., 1269., 1337., 1264., 1261., 1234., 1220., 1252.,
       1285., 1251., 1198., 1240., 1211., 1263., 1236., 1256., 1231.,
       1182., 1174., 1177., 1217., 1210., 1215., 1171., 1227., 1179.,
       1221., 1175., 1106., 1217., 1174., 1153., 1150., 1210., 1144.,
       1179., 1183., 1177., 1200., 1167., 1068., 1201., 1148., 1142.,
       1141., 1170., 1200., 1168., 1112., 1192., 1124., 1163., 1151.,
       1215., 1204., 1210., 1265., 1304., 1300., 1367., 1384., 1446.,
       1501., 1554., 1670., 1740., 1882., 1968., 2187., 2325., 2308.,
       2422., 2358., 2381., 2322., 2230., 2194., 2019., 1990., 1942.,
       1918., 1934., 2074., 2144., 2302., 2631., 3098., 3593., 4309.,
       5930., 8060., 11278., 14868., 17741., 18879., 18493., 17362.,
       16500., 15907., 16093., 17040., 17075., 15805., 14841., 15269.,
       15707., 16107., 15962., 15538., 15368., 14106., 13479., 13083.,
       12964., 12974., 12867., 13285., 14076., 15099., 15746., 15356.,
       15080., 15311., 15272., 15779., 16430., 17270., 16292., 15437.,
       15001., 14207., 13881., 12531., 11360., 10828., 11134., 12180.,
       13863., 15801., 17233., 19195., 21245., 21280., 20991., 19866.,
       19765., 20163., 20482., 22729., 26975., 30445., 30155., 26553.,
       26746., 29135., 28244., 25396., 24396., 25300., 28460., 30870.,
       27199., 21267., 14841., 9290., 6209., 4013., 3210., 2576., 2122.,
       1847., 1681., 1427., 1230., 1138., 949., 857., 765., 683., 553.,
       468., 349., 302., 258., 228., 178., 152., 123., 85., 91., 62.,
       43., 42., 31., 28., 21., 10., 5., 8., 4., 5., 0., 2., 0., 0., 0.,
       0., 0. ]
hist_3: !!opencv-matrix
   rows: 256
   cols: 1
   dt: f
   data: [ 724., 1336., 782., 511., 417., 363., 310., 331., 298., 309.,
       284., 319., 293., 334., 332., 352., 377., 445., 466., 501., 508.,
       537., 580., 565., 514., 563., 613., 551., 536., 529., 530., 587.,
       523., 564., 588., 703., 640., 627., 506., 434., 385., 387., 355.,
       384., 416., 393., 398., 385., 374., 401., 361., 278., 248., 219.,
       191., 201., 209., 179., 157., 149., 134., 143., 124., 109., 98.,
       105., 91., 76., 86., 87., 66., 71., 58., 67., 89., 64., 67., 69.,
       75., 57., 70., 61., 61., 52., 80., 68., 58., 70., 64., 73., 65.,
       55., 62., 63., 71., 73., 72., 64., 92., 82., 79., 79., 84., 92.,
       97., 96., 85., 99., 88., 108., 119., 119., 108., 140., 118., 132.,
       134., 149., 164., 180., 179., 164., 203., 214., 202., 233., 272.,
       213., 268., 276., 253., 217., 252., 223., 279., 257., 240., 268.,
       279., 255., 247., 273., 281., 258., 273., 285., 286., 284., 298.,
       272., 268., 259., 255., 279., 261., 242., 257., 279., 268., 258.,
       252., 272., 236., 257., 273., 230., 223., 220., 227., 234., 247.,
       254., 221., 201., 186., 205., 183., 183., 182., 170., 177., 156.,
       166., 174., 149., 145., 159., 167., 156., 172., 143., 134., 156.,
       145., 156., 144., 161., 148., 169., 140., 150., 135., 144., 135.,
       158., 145., 157., 124., 132., 158., 157., 176., 162., 159., 171.,
       177., 185., 187., 177., 162., 196., 178., 213., 171., 206., 188.,
       195., 212., 194., 240., 221., 218., 187., 219., 226., 213., 238.,
       197., 228., 209., 200., 230., 196., 225., 220., 201., 181., 174.,
       144., 164., 173., 205., 227., 256., 333., 0. ]
hist_4: !!opencv-matrix
   rows: 256
   cols: 1
   dt: f
   data: [ 1958., 1084., 737., 529., 426., 286., 211., 147., 117., 88.,
       67., 58., 45., 44., 26., 39., 25., 24., 26., 23., 39., 17., 34.,
       21., 21., 16., 48., 13., 20., 17., 20., 25., 35., 33., 44., 71.,
       95., 150., 192., 271., 276., 335., 389., 433., 487., 495., 461.,
       466., 473., 504., 489., 467., 537., 513., 548., 529., 517., 543.,
       508., 528., 501., 476., 500., 484., 464., 464., 446., 417., 417.,
       407., 373., 425., 407., 402., 499., 454., 415., 433., 494., 468.,
       512., 568., 591., 591., 622., 632., 676., 736., 830., 947., 1007.,
       1110., 1140., 1289., 1474., 1663., 1745., 1841., 1925., 1874.,
       1767., 1755., 1515., 1410., 1268., 1285., 1222., 1185., 1174.,
       1199., 1192., 1166., 1187., 1242., 1136., 1074., 1030., 994.,
       1012., 1099., 1109., 1059., 1112., 1131., 1122., 1069., 1152.,
       1141., 1142., 1137., 1171., 1153., 1093., 1066., 1104., 1088.,
       1103., 1153., 1128., 1262., 1335., 1497., 1604., 1728., 1905.,
       2049., 2257., 2607., 2943., 3256., 3993., 4543., 4880., 5263.,
       5645., 5534., 5641., 5531., 5420., 5384., 5342., 5557., 5899.,
       6581., 7234., 7126., 6528., 5617., 4542., 3313., 2223., 1519.,
       1134., 951., 897., 859., 896., 814., 790., 760., 809., 763., 774.,
       784., 797., 743., 657., 617., 511., 472., 452., 411., 367., 350.,
       380., 380., 401., 421., 404., 480., 491., 504., 505., 462., 393.,
       461., 429., 430., 431., 460., 477., 497., 465., 515., 513., 498.,
       500., 458., 491., 456., 524., 575., 592., 587., 572., 526., 471.,
       442., 369., 379., 331., 298., 287., 306., 337., 316., 348., 360.,
       363., 339., 410., 466., 550., 571., 721., 697., 794., 873., 736.,
       673., 571., 710., 835., 1365., 2926., 0. ]
