%YAML:1.0
---
hist_15: !!opencv-matrix
   rows: 256
   cols: 1
   dt: f
   data: [ 0., 0., 0., 0., 10., 25., 42., 78., 63., 87., 169., 170.,
       272., 336., 391., 424., 383., 371., 377., 433., 583., 701., 1052.,
       1567., 1917., 2089., 2118., 1971., 1621., 1226., 943., 753., 679.,
       580., 531., 527., 515., 510., 532., 525., 546., 590., 586., 585.,
       605., 629., 576., 614., 581., 606., 657., 602., 628., 694., 645.,
       696., 670., 666., 665., 699., 709., 681., 687., 744., 737., 698.,
       696., 656., 698., 733., 740., 686., 740., 659., 700., 719., 721.,
       757., 699., 688., 723., 712., 733., 696., 743., 740., 738., 705.,
       738., 786., 735., 767., 806., 749., 781., 757., 742., 774., 729.,
       780., 780., 714., 799., 755., 813., 803., 804., 829., 835., 818.,
       883., 886., 910., 971., 932., 920., 1048., 992., 1047., 1034.,
       1165., 1171., 1243., 1340., 1354., 1442., 1580., 1830., 2056.,
       2256., 2514., 3334., 3881., 4885., 5912., 7561., 9541., 11734.,
       13460., 14320., 14390., 14722., 15436., 16837., 18983., 21376.,
       24953., 28482., 32323., 34117., 34380., 32127., 28389., 23616.,
       19092., 15082., 12021., 9644., 8544., 8291., 7584., 7246., 6311.,
       5927., 5674., 6045., 6661., 7059., 8037., 9052., 9904., 11676.,
       14123., 16272., 17047., 17075., 16565., 15692., 14072., 13061.,
       11348., 10452., 10037., 9527., 9396., 9403., 9372., 9979., 10959.,
       11921., 12468., 13526., 15237., 15528., 14539., 13568., 12916.,
       11957., 11573., 11024., 10540., 10670., 10591., 8956., 6540.,
       4437., 2899., 2266., 1751., 1024., 435., 243., 154., 113., 93.,
       73., 54., 32., 31., 14., 14., 9., 7., 6., 2., 2., 2., 0., 0., 0.,
       0., 0., 0., 0., 0., 0., 0., 0., 0., 0., 0., 0., 0., 0., 0., 0.,
       0., 0., 0., 0., 0., 0., 0., 0., 0., 0. ]
